0,0.56304,0.55952,0.57673,0.57874,0.57682,0.57809,0.56951,0.57086,0.57106
0.56304,0,0.56205,0.57659,0.57867,0.57669,0.57803,0.57307,0.57095,0.57093
0.55952,0.56205,0,0.57627,0.57811,0.5763,0.57747,0.57299,0.5703,0.57042
0.57673,0.57659,0.57627,0,0.5588,0.55851,0.55931,0.57358,0.57429,0.57432
0.57874,0.57867,0.57811,0.5588,0,0.55834,0.55122,0.57908,0.57606,0.57627
0.57682,0.57669,0.5763,0.55851,0.55834,0,0.5588,0.57376,0.57426,0.57434
0.57809,0.57803,0.57747,0.55931,0.55122,0.5588,0,0.57814,0.57543,0.57561
0.56951,0.57307,0.57299,0.57358,0.57908,0.57376,0.57814,0,0.56103,0.56546
0.57086,0.57095,0.5703,0.57429,0.57606,0.57426,0.57543,0.56103,0,0.55388
0.57106,0.57093,0.57042,0.57432,0.57627,0.57434,0.57561,0.56546,0.55388,0
